6.786283190382550378e-04
4.952115896235672688e-04
-1.085951942930557862e-18
-5.624849884230384350e-04
-8.708917056703247396e-04
-6.832311753438208074e-04
5.304330194456128622e-18
8.633312527086253524e-04
1.382492393306303463e-03
1.109017927359761801e-03
-2.179665495158561420e-18
-1.427006338585640188e-03
-2.284504363843653258e-03
-1.824680549872337298e-03
3.204657002503004210e-18
2.310357034647290107e-03
3.661594911423193648e-03
2.893656609734910658e-03
-4.468892795128605620e-18
-3.586032292310418774e-03
-5.624869956147342948e-03
-4.401526548231384992e-03
5.892936288650692333e-18
5.357874750367043123e-03
8.337933579557402566e-03
6.478146265011902778e-03
-7.387309593105658045e-18
-7.793247608290671848e-03
-1.207255496839325544e-02
-9.345859207232619717e-03
8.858115737854027561e-18
1.119685853626171783e-02
1.733938886604394908e-02
1.343627324290253867e-02
-1.021293856357464342e-17
-1.620298780252936097e-02
-2.524300530323441219e-02
-1.972262560810144130e-02
1.136664956943766673e-17
2.438673327688687179e-02
3.868808375281509310e-02
3.093750869209384649e-02
-1.224675684989245892e-17
-4.096915276916061888e-02
-6.840694926900958706e-02
-5.863238207202462610e-02
1.279796002769987875e-17
9.915683959823742843e-02
2.113021165693445835e-01
2.996419453590402071e-01
-0.000000000000000000e+00
2.996419453590402071e-01
2.113021165693445835e-01
9.915683959823742843e-02
1.279796002769988183e-17
-5.863238207202463997e-02
-6.840694926900958706e-02
-4.096915276916062582e-02
-1.224675684989245892e-17
3.093750869209385690e-02
3.868808375281510697e-02
2.438673327688687872e-02
1.136664956943766827e-17
-1.972262560810144130e-02
-2.524300530323440872e-02
-1.620298780252936444e-02
-1.021293856357463880e-17
1.343627324290253694e-02
1.733938886604394214e-02
1.119685853626171783e-02
8.858115737854030642e-18
-9.345859207232616248e-03
-1.207255496839325544e-02
-7.793247608290674450e-03
-7.387309593105658045e-18
6.478146265011903646e-03
8.337933579557407771e-03
5.357874750367044858e-03
5.892936288650695414e-18
-4.401526548231384124e-03
-5.624869956147343815e-03
-3.586032292310422243e-03
-4.468892795128610242e-18
2.893656609734908923e-03
3.661594911423191913e-03
2.310357034647290975e-03
3.204657002503006521e-18
-1.824680549872339684e-03
-2.284504363843654993e-03
-1.427006338585639755e-03
-2.179665495158562190e-18
1.109017927359763102e-03
1.382492393306305632e-03
8.633312527086260029e-04
5.304330194456128622e-18
-6.832311753438208074e-04
-8.708917056703251733e-04
-5.624849884230384350e-04
-1.085951942930558632e-18
4.952115896235672688e-04
6.786283190382550378e-04
