-5.411000E-35,
7.144193E-07,
5.572473E-06,
1.774799E-05,
3.826413E-05,
6.504232E-05,
9.241698E-05,
1.112988E-04,
1.101128E-04,
7.654443E-05,
-1.567914E-19,
-1.254633E-04,
-2.981373E-04,
-5.061228E-04,
-7.258527E-04,
-9.222666E-04,
-1.051103E-03,
-1.063528E-03,
-9.129853E-04,
-5.637150E-04,
7.828101E-19,
7.651995E-04,
1.683768E-03,
2.669688E-03,
3.601379E-03,
4.329975E-03,
4.693696E-03,
4.537579E-03,
3.736905E-03,
2.221816E-03,
-1.987679E-18,
-2.825952E-03,
-6.049755E-03,
-9.363779E-03,
-1.237404E-02,
-1.462791E-02,
-1.565295E-02,
-1.500376E-02,
-1.231233E-02,
-7.336364E-03,
3.311178E-18,
9.578612E-03,
2.107703E-02,
3.397813E-02,
4.760011E-02,
6.114495E-02,
7.376126E-02,
8.461567E-02,
9.296560E-02,
9.822585E-02,
1.000222E-01,
9.822585E-02,
9.296560E-02,
8.461567E-02,
7.376126E-02,
6.114495E-02,
4.760011E-02,
3.397813E-02,
2.107703E-02,
9.578612E-03,
3.311178E-18,
-7.336364E-03,
-1.231233E-02,
-1.500376E-02,
-1.565295E-02,
-1.462791E-02,
-1.237404E-02,
-9.363779E-03,
-6.049755E-03,
-2.825952E-03,
-1.987679E-18,
2.221816E-03,
3.736905E-03,
4.537579E-03,
4.693696E-03,
4.329975E-03,
3.601379E-03,
2.669688E-03,
1.683768E-03,
7.651995E-04,
7.828101E-19,
-5.637150E-04,
-9.129853E-04,
-1.063528E-03,
-1.051103E-03,
-9.222666E-04,
-7.258527E-04,
-5.061228E-04,
-2.981373E-04,
-1.254633E-04,
-1.567914E-19,
7.654443E-05,
1.101128E-04,
1.112988E-04,
9.241698E-05,
6.504232E-05,
3.826413E-05,
1.774799E-05,
5.572473E-06,
7.144193E-07,
-5.411000E-35,
