-3.110917254086211379e-19
-1.620181940218727796e-04
-3.251717580767959112e-04
-4.817915777735160649e-04
-6.200776882964178192e-04
-7.233663421202195503e-04
-7.707826286247191402e-04
-7.394788037807065000e-04
-6.083549702756226203e-04
-3.628369882564625110e-04
6.527178136844475620e-19
4.668731400473791573e-04
1.005278286585636806e-03
1.562914102863962457e-03
2.070189696102403207e-03
2.446074736422136284e-03
2.607067323491892800e-03
2.478536160489367389e-03
2.007212754176573161e-03
1.173240868909984636e-03
-1.547106524234232966e-18
-1.440045825312475519e-03
-3.024942781870359337e-03
-4.589240571075983016e-03
-5.936635457104922492e-03
-6.858693128403071070e-03
-7.158238240295779729e-03
-6.675237808042887473e-03
-5.312433438699209858e-03
-3.057681326661862084e-03
2.652631768782151023e-18
3.663272097776401528e-03
7.630062522783458839e-03
1.150872186516992308e-02
1.484437191581890192e-02
1.715480270969192006e-02
1.797310075658144213e-02
1.689324178446702587e-02
1.361427988779153470e-02
7.978598575646665692e-03
-3.547020479331936427e-18
-1.012181336393846998e-02
-2.200262809902205768e-02
-3.509176806306679025e-02
-4.870596733205650314e-02
-6.207663420494875101e-02
-7.440666649754786033e-02
-8.493192028289422990e-02
-9.298184457803317093e-02
-9.803374528688932332e-02
9.002443521045467856e-01
-9.803374528688932332e-02
-9.298184457803317093e-02
-8.493192028289421602e-02
-7.440666649754788808e-02
-6.207663420494875101e-02
-4.870596733205650314e-02
-3.509176806306679025e-02
-2.200262809902205768e-02
-1.012181336393847345e-02
-3.547020479331937197e-18
7.978598575646667426e-03
1.361427988779153643e-02
1.689324178446702587e-02
1.797310075658143866e-02
1.715480270969192353e-02
1.484437191581889671e-02
1.150872186516992135e-02
7.630062522783456237e-03
3.663272097776401528e-03
2.652631768782151408e-18
-3.057681326661861217e-03
-5.312433438699209858e-03
-6.675237808042890075e-03
-7.158238240295779729e-03
-6.858693128403074539e-03
-5.936635457104925961e-03
-4.589240571075984751e-03
-3.024942781870360638e-03
-1.440045825312475302e-03
-1.547106524234233544e-18
1.173240868909985503e-03
2.007212754176574895e-03
2.478536160489365654e-03
2.607067323491891499e-03
2.446074736422137151e-03
2.070189696102405375e-03
1.562914102863964191e-03
1.005278286585637674e-03
4.668731400473790489e-04
6.527178136844477546e-19
-3.628369882564628905e-04
-6.083549702756234877e-04
-7.394788037807071505e-04
-7.707826286247191402e-04
-7.233663421202195503e-04
-6.200776882964181445e-04
-4.817915777735160649e-04
-3.251717580767961280e-04
-1.620181940218727796e-04
-3.110917254086211379e-19
